{
    "EmissiveColor": {
        "b": 0.0,
        "g": 0.0,
        "r": 0.0
    },
    "EmissiveTexture": 18446744073709551615,
    "MetallicRoughness": {
        "albedoColor": {
            "a": 1.0,
            "b": 0.49203813076019287,
            "g": 0.49203813076019287,
            "r": 0.49203813076019287
        },
        "albedoTexture": 18446744073709551615,
        "metallic": 0.0960002914071083,
        "metallicRoughness": 18446744073709551615,
        "roughness": 0.18742914497852325
    },
    "Name": "material_0",
    "NormalTexture": 18446744073709551615,
    "OcculsionTexture": 18446744073709551615,
    "SpecularGlossiness": {
        "albedoColor": {
            "a": 1.0,
            "b": 1.0,
            "g": 1.0,
            "r": 1.0
        },
        "albedoTexture": 18446744073709551615,
        "glossiness": 0.0,
        "specular": {
            "b": 0.0,
            "g": 0.0,
            "r": 0.0
        },
        "specularGlossinessTexture": 18446744073709551615,
        "support": false
    },
    "TexCoords": {
        "baseColor": 0,
        "emissive": 0,
        "metallicRoughness": 0,
        "normal": 0,
        "occulsion": 0,
        "specularGlossiness": 0
    }
}